{"autoClear":true,"clearColor":[0,0,0],"ambientColor":[0,0,0],"gravity":[0,-9.81,0],
"materials":[{"name":"morgan_player.Material.001","id":"morgan_player.Material.001","ambient":[0,1,0.9602],"diffuse":[0,0.8,0.7682],"specular":[0.5,0.5,0.5],"emissive":[0,0,0],"specularPower":50,"alpha":1,"backFaceCulling":true},{"name":"morgan_player.Material.002","id":"morgan_player.Material.002","ambient":[0.8,0.8,0.8],"diffuse":[0.64,0.64,0.64],"specular":[0.5,0.5,0.5],"emissive":[0,0,0],"specularPower":50,"alpha":1,"backFaceCulling":true, "diffuseTexture":{"name":"face2.png","level":1,"hasAlpha":1,"coordinatesMode":0,"uOffset":0,"vOffset":0,"uScale":1,"vScale":1,"uAng":0,"vAng":0,"wAng":0,"wrapU":1,"wrapV":1,"coordinatesIndex":0}}],
"multiMaterials":[{"name":"morgan_player.Multimaterial#0","id":"morgan_player.Multimaterial#0","materials":["morgan_player.Material.001","morgan_player.Material.002"]}],
"skeletons":[{"name":"Armature","id":0,"bones":[
{"name":"Bone","index":0,"matrix":[1,0,0,0,0,1,0,0,0,0,-1,0,0.0272,0.0504,-0.0062,1],"parentBoneIndex":-1,"animation":{"dataType":3,"framePerSecond":24,"keys":[{"frame":1,"values":[1,0,0,0,0,1,0,0,0,0,-1,0,0.0272,0.0504,-0.0062,1]},{"frame":120,"values":[1,0,0,0,0,1,0,0,0,0,-1,0,0.0272,0.0504,-0.0062,1]}],"loopBehavior":1,"name":"anim","property":"_matrix"}},
{"name":"Bone.001","index":1,"matrix":[-1,0,0,0,0,-0.9562,0.2927,0,0,0.2927,0.9562,0,-0.0272,1.7002,1.3978,1],"parentBoneIndex":0,"animation":{"dataType":3,"framePerSecond":24,"keys":[{"frame":1,"values":[-1,0,0,0,0,-0.9562,0.2927,0,0,0.2927,0.9562,0,-0.0272,1.7002,1.3978,1]},{"frame":2,"values":[-1,-0.0041,-0.0017,0,0.0034,-0.9562,0.2926,0,-0.0029,0.2926,0.9562,0,-0.0272,1.7002,1.3978,1]},{"frame":3,"values":[-0.9998,-0.0166,-0.007,0,0.0139,-0.9561,0.2926,0,-0.0115,0.2925,0.9562,0,-0.0272,1.7002,1.3978,1]},{"frame":4,"values":[-0.9992,-0.0376,-0.0158,0,0.0313,-0.9557,0.2927,0,-0.0261,0.2919,0.9561,0,-0.0272,1.7002,1.3978,1]},{"frame":5,"values":[-0.9974,-0.0668,-0.028,0,0.0557,-0.9545,0.293,0,-0.0463,0.2907,0.9557,0,-0.0272,1.7002,1.3978,1]},{"frame":6,"values":[-0.9936,-0.1038,-0.0436,0,0.0866,-0.9519,0.2939,0,-0.072,0.2882,0.9548,0,-0.0272,1.7002,1.3978,1]},{"frame":7,"values":[-0.987,-0.1479,-0.0622,0,0.1233,-0.9473,0.2955,0,-0.1026,0.2841,0.9533,0,-0.0272,1.7002,1.3978,1]},{"frame":8,"values":[-0.9767,-0.1977,-0.0831,0,0.1649,-0.9401,0.2983,0,-0.1371,0.2776,0.9509,0,-0.0272,1.7002,1.3978,1]},{"frame":9,"values":[-0.9621,-0.2515,-0.1058,0,0.2098,-0.9298,0.3023,0,-0.1744,0.2686,0.9473,0,-0.0272,1.7002,1.3978,1]},{"frame":10,"values":[-0.9428,-0.3072,-0.1293,0,0.2564,-0.9163,0.3077,0,-0.213,0.2569,0.9427,0,-0.0272,1.7002,1.3978,1]},{"frame":11,"values":[-0.9194,-0.3626,-0.1527,0,0.3027,-0.8998,0.3143,0,-0.2513,0.2427,0.937,0,-0.0272,1.7002,1.3978,1]},{"frame":12,"values":[-0.8926,-0.4155,-0.1751,0,0.3469,-0.8809,0.3219,0,-0.288,0.2266,0.9305,0,-0.0272,1.7002,1.3978,1]},{"frame":13,"values":[-0.8639,-0.4641,-0.1957,0,0.3876,-0.8607,0.3301,0,-0.3216,0.2093,0.9234,0,-0.0272,1.7002,1.3978,1]},{"frame":14,"values":[-0.8349,-0.5072,-0.2139,0,0.4237,-0.8402,0.3384,0,-0.3514,0.1919,0.9163,0,-0.0272,1.7002,1.3978,1]},{"frame":15,"values":[-0.8072,-0.5438,-0.2295,0,0.4544,-0.8207,0.3464,0,-0.3767,0.1754,0.9096,0,-0.0272,1.7002,1.3978,1]},{"frame":16,"values":[-0.7824,-0.5737,-0.2422,0,0.4794,-0.8032,0.3536,0,-0.3974,0.1605,0.9035,0,-0.0272,1.7002,1.3978,1]},{"frame":17,"values":[-0.7617,-0.5969,-0.2521,0,0.4989,-0.7885,0.3596,0,-0.4134,0.1481,0.8984,0,-0.0272,1.7002,1.3978,1]},{"frame":18,"values":[-0.7459,-0.6135,-0.2592,0,0.5129,-0.7774,0.3642,0,-0.4249,0.1387,0.8945,0,-0.0272,1.7002,1.3978,1]},{"frame":19,"values":[-0.7356,-0.624,-0.2636,0,0.5216,-0.7701,0.3672,0,-0.4321,0.1326,0.892,0,-0.0272,1.7002,1.3978,1]},{"frame":20,"values":[-0.7311,-0.6284,-0.2655,0,0.5254,-0.7669,0.3685,0,-0.4352,0.1299,0.8909,0,-0.0272,1.7002,1.3978,1]},{"frame":21,"values":[-0.7349,-0.6239,-0.2658,0,0.5204,-0.7702,0.3687,0,-0.4348,0.1326,0.8907,0,-0.0272,1.7002,1.3978,1]},{"frame":22,"values":[-0.7496,-0.6064,-0.2653,0,0.5024,-0.7822,0.3684,0,-0.4309,0.1428,0.891,0,-0.0272,1.7002,1.3978,1]},{"frame":23,"values":[-0.7745,-0.5748,-0.2639,0,0.4702,-0.8024,0.3676,0,-0.4231,0.1606,0.8917,0,-0.0272,1.7002,1.3978,1]},{"frame":24,"values":[-0.8085,-0.5272,-0.2616,0,0.4221,-0.8292,0.3664,0,-0.4101,0.1858,0.8929,0,-0.0272,1.7002,1.3978,1]},{"frame":25,"values":[-0.8487,-0.4616,-0.2582,0,0.3567,-0.86,0.365,0,-0.3905,0.2177,0.8945,0,-0.0272,1.7002,1.3978,1]},{"frame":26,"values":[-0.8911,-0.3762,-0.2536,0,0.2726,-0.8908,0.3635,0,-0.3627,0.2548,0.8964,0,-0.0272,1.7002,1.3978,1]},{"frame":27,"values":[-0.9302,-0.2708,-0.2479,0,0.1702,-0.9164,0.3623,0,-0.3252,0.2948,0.8985,0,-0.0272,1.7002,1.3978,1]},{"frame":28,"values":[-0.9593,-0.147,-0.241,0,0.0518,-0.9309,0.3616,0,-0.2775,0.3345,0.9006,0,-0.0272,1.7002,1.3978,1]},{"frame":29,"values":[-0.9723,-0.0097,-0.2334,0,-0.0777,-0.929,0.3619,0,-0.2203,0.37,0.9025,0,-0.0272,1.7002,1.3978,1]},{"frame":30,"values":[-0.9651,0.1337,-0.2254,0,-0.2106,-0.9076,0.3632,0,-0.156,0.398,0.904,0,-0.0272,1.7002,1.3978,1]},{"frame":31,"values":[-0.9368,0.274,-0.2175,0,-0.3385,-0.867,0.3656,0,-0.0884,0.4161,0.905,0,-0.0272,1.7002,1.3978,1]},{"frame":32,"values":[-0.8907,0.403,-0.2102,0,-0.454,-0.8111,0.3688,0,-0.0218,0.424,0.9054,0,-0.0272,1.7002,1.3978,1]},{"frame":33,"values":[-0.8328,0.5147,-0.2039,0,-0.5522,-0.7458,0.3726,0,0.0397,0.4229,0.9053,0,-0.0272,1.7002,1.3978,1]},{"frame":34,"values":[-0.77,0.6064,-0.1987,0,-0.6312,-0.6781,0.3765,0,0.0935,0.4153,0.9049,0,-0.0272,1.7002,1.3978,1]},{"frame":35,"values":[-0.7089,0.678,-0.1946,0,-0.6917,-0.6141,0.3802,0,0.1382,0.4041,0.9042,0,-0.0272,1.7002,1.3978,1]},{"frame":36,"values":[-0.6544,0.7315,-0.1915,0,-0.7359,-0.5581,0.3834,0,0.1735,0.3918,0.9035,0,-0.0272,1.7002,1.3978,1]},{"frame":37,"values":[-0.6101,0.7694,-0.1893,0,-0.7667,-0.513,0.386,0,0.1998,0.3806,0.9029,0,-0.0272,1.7002,1.3978,1]},{"frame":38,"values":[-0.5777,0.7944,-0.1879,0,-0.7867,-0.4803,0.3878,0,0.2178,0.3719,0.9024,0,-0.0272,1.7002,1.3978,1]},{"frame":39,"values":[-0.5581,0.8084,-0.1871,0,-0.7978,-0.4607,0.389,0,0.2283,0.3663,0.9021,0,-0.0272,1.7002,1.3978,1]},{"frame":40,"values":[-0.5516,0.8129,-0.1868,0,-0.8013,-0.4542,0.3893,0,0.2316,0.3645,0.9019,0,-0.0272,1.7002,1.3978,1]},{"frame":41,"values":[-0.5581,0.8084,-0.1871,0,-0.7978,-0.4607,0.389,0,0.2283,0.3663,0.9021,0,-0.0272,1.7002,1.3978,1]},{"frame":42,"values":[-0.5777,0.7944,-0.1879,0,-0.7867,-0.4803,0.3878,0,0.2178,0.3719,0.9024,0,-0.0272,1.7002,1.3978,1]},{"frame":43,"values":[-0.6101,0.7694,-0.1893,0,-0.7667,-0.513,0.386,0,0.1998,0.3806,0.9029,0,-0.0272,1.7002,1.3978,1]},{"frame":44,"values":[-0.6545,0.7314,-0.1915,0,-0.7359,-0.5581,0.3834,0,0.1735,0.3918,0.9035,0,-0.0272,1.7002,1.3978,1]},{"frame":45,"values":[-0.7089,0.6779,-0.1946,0,-0.6916,-0.6141,0.3802,0,0.1382,0.4041,0.9042,0,-0.0272,1.7002,1.3978,1]},{"frame":46,"values":[-0.77,0.6063,-0.1987,0,-0.6311,-0.6782,0.3765,0,0.0935,0.4153,0.9049,0,-0.0272,1.7002,1.3978,1]},{"frame":47,"values":[-0.8328,0.5147,-0.2039,0,-0.5521,-0.7459,0.3726,0,0.0397,0.4228,0.9053,0,-0.0272,1.7002,1.3978,1]},{"frame":48,"values":[-0.8908,0.403,-0.2102,0,-0.454,-0.8111,0.3688,0,-0.0218,0.4239,0.9054,0,-0.0272,1.7002,1.3978,1]},{"frame":49,"values":[-0.9368,0.274,-0.2174,0,-0.3384,-0.8671,0.3656,0,-0.0884,0.4161,0.905,0,-0.0272,1.7002,1.3978,1]},{"frame":50,"values":[-0.9651,0.1337,-0.2253,0,-0.2105,-0.9076,0.3632,0,-0.156,0.3979,0.9041,0,-0.0272,1.7002,1.3978,1]},{"frame":51,"values":[-0.9723,-0.0096,-0.2333,0,-0.0776,-0.929,0.3619,0,-0.2203,0.37,0.9026,0,-0.0272,1.7002,1.3978,1]},{"frame":52,"values":[-0.9593,-0.1469,-0.241,0,0.0517,-0.9309,0.3616,0,-0.2774,0.3344,0.9007,0,-0.0272,1.7002,1.3978,1]},{"frame":53,"values":[-0.9302,-0.2707,-0.2478,0,0.1702,-0.9164,0.3623,0,-0.3251,0.2948,0.8985,0,-0.0272,1.7002,1.3978,1]},{"frame":54,"values":[-0.8912,-0.3761,-0.2535,0,0.2726,-0.8908,0.3635,0,-0.3626,0.2548,0.8964,0,-0.0272,1.7002,1.3978,1]},{"frame":55,"values":[-0.8488,-0.4615,-0.2581,0,0.3566,-0.86,0.365,0,-0.3904,0.2177,0.8945,0,-0.0272,1.7002,1.3978,1]},{"frame":56,"values":[-0.8086,-0.5271,-0.2615,0,0.4221,-0.8292,0.3664,0,-0.41,0.1859,0.8929,0,-0.0272,1.7002,1.3978,1]},{"frame":57,"values":[-0.7746,-0.5747,-0.2639,0,0.4701,-0.8024,0.3676,0,-0.423,0.1607,0.8918,0,-0.0272,1.7002,1.3978,1]},{"frame":58,"values":[-0.7496,-0.6064,-0.2653,0,0.5024,-0.7823,0.3684,0,-0.4309,0.1429,0.891,0,-0.0272,1.7002,1.3978,1]},{"frame":59,"values":[-0.735,-0.6238,-0.2658,0,0.5204,-0.7702,0.3687,0,-0.4347,0.1326,0.8907,0,-0.0272,1.7002,1.3978,1]},{"frame":60,"values":[-0.7311,-0.6284,-0.2655,0,0.5254,-0.7669,0.3685,0,-0.4352,0.1299,0.8909,0,-0.0272,1.7002,1.3978,1]},{"frame":61,"values":[-0.7352,-0.6244,-0.2638,0,0.522,-0.7698,0.3673,0,-0.4325,0.1323,0.8919,0,-0.0272,1.7002,1.3978,1]},{"frame":62,"values":[-0.7438,-0.6157,-0.2601,0,0.5147,-0.7759,0.3648,0,-0.4264,0.1375,0.894,0,-0.0272,1.7002,1.3978,1]},{"frame":63,"values":[-0.7564,-0.6026,-0.2545,0,0.5037,-0.7848,0.3612,0,-0.4174,0.145,0.8971,0,-0.0272,1.7002,1.3978,1]},{"frame":64,"values":[-0.7723,-0.5853,-0.2471,0,0.4891,-0.796,0.3565,0,-0.4054,0.1545,0.901,0,-0.0272,1.7002,1.3978,1]},{"frame":65,"values":[-0.7909,-0.5638,-0.238,0,0.4711,-0.8091,0.3511,0,-0.3906,0.1656,0.9056,0,-0.0272,1.7002,1.3978,1]},{"frame":66,"values":[-0.8115,-0.5383,-0.2272,0,0.4498,-0.8237,0.3452,0,-0.3729,0.1779,0.9106,0,-0.0272,1.7002,1.3978,1]},{"frame":67,"values":[-0.8336,-0.5089,-0.2147,0,0.4251,-0.8393,0.3388,0,-0.3526,0.1912,0.916,0,-0.0272,1.7002,1.3978,1]},{"frame":68,"values":[-0.8564,-0.4757,-0.2006,0,0.3974,-0.8554,0.3322,0,-0.3297,0.2048,0.9216,0,-0.0272,1.7002,1.3978,1]},{"frame":69,"values":[-0.8793,-0.439,-0.185,0,0.3666,-0.8715,0.3257,0,-0.3042,0.2185,0.9272,0,-0.0272,1.7002,1.3978,1]},{"frame":70,"values":[-0.9015,-0.3989,-0.168,0,0.333,-0.8872,0.3193,0,-0.2765,0.2319,0.9326,0,-0.0272,1.7002,1.3978,1]},{"frame":71,"values":[-0.9225,-0.3558,-0.1498,0,0.297,-0.902,0.3134,0,-0.2467,0.2446,0.9377,0,-0.0272,1.7002,1.3978,1]},{"frame":72,"values":[-0.9416,-0.3104,-0.1306,0,0.259,-0.9155,0.308,0,-0.2152,0.2562,0.9424,0,-0.0272,1.7002,1.3978,1]},{"frame":73,"values":[-0.9584,-0.2632,-0.1107,0,0.2196,-0.9272,0.3033,0,-0.1825,0.2664,0.9464,0,-0.0272,1.7002,1.3978,1]},{"frame":74,"values":[-0.9724,-0.215,-0.0904,0,0.1794,-0.9371,0.2995,0,-0.1491,0.275,0.9498,0,-0.0272,1.7002,1.3978,1]},{"frame":75,"values":[-0.9834,-0.1671,-0.0702,0,0.1393,-0.9448,0.2965,0,-0.1159,0.2818,0.9525,0,-0.0272,1.7002,1.3978,1]},{"frame":76,"values":[-0.9914,-0.1206,-0.0507,0,0.1006,-0.9504,0.2944,0,-0.0837,0.2868,0.9543,0,-0.0272,1.7002,1.3978,1]},{"frame":77,"values":[-0.9965,-0.0774,-0.0325,0,0.0646,-0.9539,0.2932,0,-0.0537,0.2901,0.9555,0,-0.0272,1.7002,1.3978,1]},{"frame":78,"values":[-0.9991,-0.0399,-0.0168,0,0.0333,-0.9556,0.2927,0,-0.0277,0.2918,0.9561,0,-0.0272,1.7002,1.3978,1]},{"frame":79,"values":[-0.9999,-0.0119,-0.005,0,0.0099,-0.9562,0.2926,0,-0.0083,0.2925,0.9562,0,-0.0272,1.7002,1.3978,1]},{"frame":80,"values":[-1,0,0,0,0,-0.9562,0.2927,0,0,0.2927,0.9562,0,-0.0272,1.7002,1.3978,1]},{"frame":81,"values":[-0.9171,-0.2568,-0.3051,0,0.3466,-0.8917,-0.2913,0,-0.1972,-0.3729,0.9067,0,-0.0272,1.7002,1.3978,1]},{"frame":82,"values":[-0.5671,-0.3747,-0.7335,0,0.8218,-0.1986,-0.534,0,0.0544,-0.9056,0.4206,0,-0.0272,1.7002,1.3978,1]},{"frame":83,"values":[-0.0044,-0.5977,-0.8017,0,0.9396,0.2719,-0.2079,0,0.3423,-0.7542,0.5604,0,-0.0272,1.7002,1.3978,1]},{"frame":84,"values":[0.7028,-0.5619,-0.4362,0,0.6628,0.74,0.1146,0,0.2584,-0.3697,0.8925,0,-0.0272,1.7002,1.3978,1]},{"frame":85,"values":[0.8705,-0.4589,-0.178,0,0.4748,0.8782,0.058,0,0.1297,-0.135,0.9823,0,-0.0272,1.7002,1.3978,1]},{"frame":86,"values":[0.0624,-0.998,-0.013,0,0.9742,0.0638,-0.2166,0,0.217,0.0008,0.9762,0,-0.0272,1.7002,1.3978,1]},{"frame":87,"values":[-0.1748,-0.9841,0.0324,0,0.9669,-0.1778,-0.1829,0,0.1858,-0.0006,0.9826,0,-0.0272,1.7002,1.3978,1]},{"frame":88,"values":[-0.3132,-0.948,0.0569,0,0.9357,-0.3183,-0.1521,0,0.1623,0.0056,0.9867,0,-0.0272,1.7002,1.3978,1]},{"frame":89,"values":[-0.4193,-0.9048,0.0737,0,0.8967,-0.4255,-0.1223,0,0.142,0.0148,0.9898,0,-0.0272,1.7002,1.3978,1]},{"frame":90,"values":[-0.5069,-0.8578,0.0857,0,0.8531,-0.5134,-0.0931,0,0.1238,0.0259,0.992,0,-0.0272,1.7002,1.3978,1]},{"frame":91,"values":[-0.5815,-0.8081,0.0941,0,0.8065,-0.5878,-0.0644,0,0.1074,0.0384,0.9935,0,-0.0272,1.7002,1.3978,1]},{"frame":92,"values":[-0.6461,-0.7567,0.0996,0,0.7576,-0.6517,-0.0363,0,0.0924,0.052,0.9944,0,-0.0272,1.7002,1.3978,1]},{"frame":93,"values":[-0.7025,-0.7042,0.1027,0,0.7073,-0.7069,-0.0089,0,0.0789,0.0664,0.9947,0,-0.0272,1.7002,1.3978,1]},{"frame":94,"values":[-0.752,-0.6509,0.1037,0,0.6558,-0.7548,0.018,0,0.0666,0.0815,0.9944,0,-0.0272,1.7002,1.3978,1]},{"frame":95,"values":[-0.7953,-0.5974,0.1029,0,0.6036,-0.7961,0.044,0,0.0556,0.0971,0.9937,0,-0.0272,1.7002,1.3978,1]},{"frame":96,"values":[-0.8332,-0.5438,0.1003,0,0.5511,-0.8315,0.0693,0,0.0457,0.1131,0.9925,0,-0.0272,1.7002,1.3978,1]},{"frame":97,"values":[-0.866,-0.4907,0.0963,0,0.4987,-0.8617,0.0937,0,0.037,0.1292,0.9909,0,-0.0272,1.7002,1.3978,1]},{"frame":98,"values":[-0.8942,-0.4383,0.091,0,0.4466,-0.887,0.1172,0,0.0294,0.1455,0.9889,0,-0.0272,1.7002,1.3978,1]},{"frame":99,"values":[-0.9183,-0.3868,0.0846,0,0.3953,-0.9079,0.1397,0,0.0228,0.1617,0.9866,0,-0.0272,1.7002,1.3978,1]},{"frame":100,"values":[-0.9385,-0.3367,0.0772,0,0.345,-0.9247,0.161,0,0.0172,0.1778,0.9839,0,-0.0272,1.7002,1.3978,1]},{"frame":101,"values":[-0.9551,-0.2881,0.069,0,0.296,-0.9378,0.1813,0,0.0125,0.1936,0.981,0,-0.0272,1.7002,1.3978,1]},{"frame":102,"values":[-0.9685,-0.2415,0.0603,0,0.2488,-0.9476,0.2003,0,0.0087,0.2089,0.9779,0,-0.0272,1.7002,1.3978,1]},{"frame":103,"values":[-0.979,-0.1971,0.0511,0,0.2036,-0.9545,0.218,0,0.0058,0.2238,0.9746,0,-0.0272,1.7002,1.3978,1]},{"frame":104,"values":[-0.987,-0.1554,0.0417,0,0.1608,-0.9588,0.2343,0,0.0035,0.238,0.9713,0,-0.0272,1.7002,1.3978,1]},{"frame":105,"values":[-0.9926,-0.1167,0.0323,0,0.1211,-0.9609,0.2492,0,0.0019,0.2513,0.9679,0,-0.0272,1.7002,1.3978,1]},{"frame":106,"values":[-0.9964,-0.0816,0.0232,0,0.0848,-0.9612,0.2625,0,0.0009,0.2635,0.9647,0,-0.0272,1.7002,1.3978,1]},{"frame":107,"values":[-0.9986,-0.0508,0.0148,0,0.053,-0.9603,0.2739,0,0.0003,0.2743,0.9616,0,-0.0272,1.7002,1.3978,1]},{"frame":108,"values":[-0.9996,-0.0255,0.0076,0,0.0266,-0.9587,0.2833,0,0.0001,0.2834,0.959,0,-0.0272,1.7002,1.3978,1]},{"frame":109,"values":[-1,-0.0074,0.0022,0,0.0077,-0.957,0.2899,0,0,0.29,0.957,0,-0.0272,1.7002,1.3978,1]},{"frame":110,"values":[-1,0,0,0,0,-0.9562,0.2927,0,0,0.2927,0.9562,0,-0.0272,1.7002,1.3978,1]},{"frame":111,"values":[-0.8482,-0.4829,-0.2178,0,0.4073,-0.8573,0.3148,0,-0.3388,0.1783,0.9238,0,-0.0272,1.7002,1.3978,1]},{"frame":112,"values":[0.497,-0.765,-0.4095,0,0.7031,0.0785,0.7067,0,-0.5085,-0.6392,0.577,0,-0.0272,1.7002,1.3978,1]},{"frame":113,"values":[0.8792,-0.3941,-0.2678,0,0.4133,0.3512,0.8401,0,-0.2371,-0.8493,0.4717,0,-0.0272,1.7002,1.3978,1]},{"frame":120,"values":[0.8792,-0.3941,-0.2678,0,0.4133,0.3512,0.8401,0,-0.2371,-0.8493,0.4717,0,-0.0272,1.7002,1.3978,1]}],"loopBehavior":1,"name":"anim","property":"_matrix"}},
{"name":"Bone.002","index":2,"matrix":[-0.9942,-0.0592,0.0896,0,0.0589,-0.9982,-0.006,0,0.0898,-0.0007,0.996,0,-0.0584,-1.0894,0.6154,1],"parentBoneIndex":0,"animation":{"dataType":3,"framePerSecond":24,"keys":[{"frame":1,"values":[-0.9942,-0.0592,0.0896,0,0.0589,-0.9982,-0.006,0,0.0898,-0.0007,0.996,0,-0.0584,-1.0894,0.6154,1]},{"frame":2,"values":[-0.9942,-0.0592,0.0896,0,0.0589,-0.9982,-0.006,0,0.0898,-0.0007,0.996,0,-0.0524,-1.089,0.6162,1]},{"frame":3,"values":[-0.9942,-0.0592,0.0896,0,0.0589,-0.9982,-0.006,0,0.0898,-0.0007,0.996,0,-0.0344,-1.088,0.6185,1]},{"frame":4,"values":[-0.9942,-0.0592,0.0896,0,0.0589,-0.9982,-0.006,0,0.0898,-0.0007,0.996,0,-0.0043,-1.0862,0.6224,1]},{"frame":5,"values":[-0.9942,-0.0592,0.0896,0,0.0589,-0.9982,-0.006,0,0.0898,-0.0007,0.996,0,0.0378,-1.0837,0.6278,1]},{"frame":6,"values":[-0.9942,-0.0592,0.0896,0,0.0589,-0.9982,-0.006,0,0.0898,-0.0007,0.996,0,0.091,-1.0806,0.6347,1]},{"frame":7,"values":[-0.9942,-0.0592,0.0896,0,0.0589,-0.9982,-0.006,0,0.0898,-0.0007,0.996,0,0.1544,-1.0769,0.6429,1]},{"frame":8,"values":[-0.9942,-0.0592,0.0896,0,0.0589,-0.9982,-0.006,0,0.0898,-0.0007,0.996,0,0.2265,-1.0727,0.6523,1]},{"frame":9,"values":[-0.9942,-0.0592,0.0896,0,0.0589,-0.9982,-0.006,0,0.0898,-0.0007,0.996,0,0.3051,-1.068,0.6625,1]},{"frame":10,"values":[-0.9942,-0.0592,0.0896,0,0.0589,-0.9982,-0.006,0,0.0898,-0.0007,0.996,0,0.3879,-1.0631,0.6732,1]},{"frame":11,"values":[-0.9942,-0.0592,0.0896,0,0.0589,-0.9982,-0.006,0,0.0898,-0.0007,0.996,0,0.4721,-1.0581,0.6841,1]},{"frame":12,"values":[-0.9942,-0.0592,0.0896,0,0.0589,-0.9982,-0.006,0,0.0898,-0.0007,0.996,0,0.5549,-1.0532,0.6948,1]},{"frame":13,"values":[-0.9942,-0.0592,0.0896,0,0.0589,-0.9982,-0.006,0,0.0898,-0.0007,0.996,0,0.6336,-1.0485,0.705,1]},{"frame":14,"values":[-0.9942,-0.0592,0.0896,0,0.0589,-0.9982,-0.006,0,0.0898,-0.0007,0.996,0,0.7056,-1.0441,0.7144,1]},{"frame":15,"values":[-0.9942,-0.0592,0.0896,0,0.0589,-0.9982,-0.006,0,0.0898,-0.0007,0.996,0,0.769,-1.0402,0.7226,1]},{"frame":16,"values":[-0.9942,-0.0592,0.0896,0,0.0589,-0.9982,-0.006,0,0.0898,-0.0007,0.996,0,0.8223,-1.0369,0.7295,1]},{"frame":17,"values":[-0.9942,-0.0592,0.0896,0,0.0589,-0.9982,-0.006,0,0.0898,-0.0007,0.996,0,0.8642,-1.0342,0.7349,1]},{"frame":18,"values":[-0.9942,-0.0592,0.0896,0,0.0589,-0.9982,-0.006,0,0.0898,-0.0007,0.996,0,0.8944,-1.0322,0.7388,1]},{"frame":19,"values":[-0.9942,-0.0592,0.0896,0,0.0589,-0.9982,-0.006,0,0.0898,-0.0007,0.996,0,0.9124,-1.0309,0.7412,1]},{"frame":20,"values":[-0.9942,-0.0592,0.0896,0,0.0589,-0.9982,-0.006,0,0.0898,-0.0007,0.996,0,0.9184,-1.0303,0.7419,1]},{"frame":21,"values":[-0.9942,-0.0592,0.0896,0,0.0589,-0.9982,-0.006,0,0.0898,-0.0007,0.996,0,0.9062,-1.0288,0.7398,1]},{"frame":22,"values":[-0.9942,-0.0592,0.0896,0,0.0589,-0.9982,-0.006,0,0.0898,-0.0007,0.996,0,0.8694,-1.0251,0.7333,1]},{"frame":23,"values":[-0.9942,-0.0592,0.0896,0,0.0589,-0.9982,-0.006,0,0.0898,-0.0007,0.996,0,0.808,-1.0191,0.7224,1]},{"frame":24,"values":[-0.9942,-0.0592,0.0896,0,0.0589,-0.9982,-0.006,0,0.0898,-0.0007,0.996,0,0.7223,-1.0108,0.7073,1]},{"frame":25,"values":[-0.9942,-0.0592,0.0896,0,0.0589,-0.9982,-0.006,0,0.0898,-0.0007,0.996,0,0.6134,-1.0004,0.688,1]},{"frame":26,"values":[-0.9942,-0.0592,0.0896,0,0.0589,-0.9982,-0.006,0,0.0898,-0.0007,0.996,0,0.4831,-0.9879,0.665,1]},{"frame":27,"values":[-0.9942,-0.0592,0.0896,0,0.0589,-0.9982,-0.006,0,0.0898,-0.0007,0.996,0,0.3342,-0.9738,0.6387,1]},{"frame":28,"values":[-0.9942,-0.0592,0.0896,0,0.0589,-0.9982,-0.006,0,0.0898,-0.0007,0.996,0,0.1703,-0.9583,0.6097,1]},{"frame":29,"values":[-0.9942,-0.0592,0.0896,0,0.0589,-0.9982,-0.006,0,0.0898,-0.0007,0.996,0,-0.0041,-0.9418,0.5788,1]},{"frame":30,"values":[-0.9942,-0.0592,0.0896,0,0.0589,-0.9982,-0.006,0,0.0898,-0.0007,0.996,0,-0.1841,-0.9248,0.547,1]},{"frame":31,"values":[-0.9942,-0.0592,0.0896,0,0.0589,-0.9982,-0.006,0,0.0898,-0.0007,0.996,0,-0.364,-0.9078,0.5152,1]},{"frame":32,"values":[-0.9942,-0.0592,0.0896,0,0.0589,-0.9982,-0.006,0,0.0898,-0.0007,0.996,0,-0.5384,-0.8914,0.4843,1]},{"frame":33,"values":[-0.9942,-0.0592,0.0896,0,0.0589,-0.9982,-0.006,0,0.0898,-0.0007,0.996,0,-0.7023,-0.8759,0.4554,1]},{"frame":34,"values":[-0.9942,-0.0592,0.0896,0,0.0589,-0.9982,-0.006,0,0.0898,-0.0007,0.996,0,-0.8512,-0.8619,0.429,1]},{"frame":35,"values":[-0.9942,-0.0592,0.0896,0,0.0589,-0.9982,-0.006,0,0.0898,-0.0007,0.996,0,-0.9815,-0.8497,0.406,1]},{"frame":36,"values":[-0.9942,-0.0592,0.0896,0,0.0589,-0.9982,-0.006,0,0.0898,-0.0007,0.996,0,-1.0904,-0.8394,0.3867,1]},{"frame":37,"values":[-0.9942,-0.0592,0.0896,0,0.0589,-0.9982,-0.006,0,0.0898,-0.0007,0.996,0,-1.1761,-0.8314,0.3716,1]},{"frame":38,"values":[-0.9942,-0.0592,0.0896,0,0.0589,-0.9982,-0.006,0,0.0898,-0.0007,0.996,0,-1.2375,-0.8256,0.3607,1]},{"frame":39,"values":[-0.9942,-0.0592,0.0896,0,0.0589,-0.9982,-0.006,0,0.0898,-0.0007,0.996,0,-1.2742,-0.8222,0.3542,1]},{"frame":40,"values":[-0.9942,-0.0592,0.0896,0,0.0589,-0.9982,-0.006,0,0.0898,-0.0007,0.996,0,-1.2864,-0.821,0.3521,1]},{"frame":41,"values":[-0.9942,-0.0592,0.0896,0,0.0589,-0.9982,-0.006,0,0.0898,-0.0007,0.996,0,-1.2742,-0.8222,0.3542,1]},{"frame":42,"values":[-0.9942,-0.0592,0.0896,0,0.0589,-0.9982,-0.006,0,0.0898,-0.0007,0.996,0,-1.2375,-0.8256,0.3607,1]},{"frame":43,"values":[-0.9942,-0.0592,0.0896,0,0.0589,-0.9982,-0.006,0,0.0898,-0.0007,0.996,0,-1.1761,-0.8315,0.3716,1]},{"frame":44,"values":[-0.9942,-0.0592,0.0896,0,0.0589,-0.9982,-0.006,0,0.0898,-0.0007,0.996,0,-1.0904,-0.8396,0.3867,1]},{"frame":45,"values":[-0.9942,-0.0592,0.0896,0,0.0589,-0.9982,-0.006,0,0.0898,-0.0007,0.996,0,-0.9815,-0.8499,0.406,1]},{"frame":46,"values":[-0.9942,-0.0592,0.0896,0,0.0589,-0.9982,-0.006,0,0.0898,-0.0007,0.996,0,-0.8512,-0.8623,0.429,1]},{"frame":47,"values":[-0.9942,-0.0592,0.0896,0,0.0589,-0.9982,-0.006,0,0.0898,-0.0007,0.996,0,-0.7023,-0.8764,0.4553,1]},{"frame":48,"values":[-0.9942,-0.0592,0.0896,0,0.0589,-0.9982,-0.006,0,0.0898,-0.0007,0.996,0,-0.5384,-0.892,0.4843,1]},{"frame":49,"values":[-0.9942,-0.0592,0.0896,0,0.0589,-0.9982,-0.006,0,0.0898,-0.0007,0.996,0,-0.3639,-0.9086,0.5152,1]},{"frame":50,"values":[-0.9942,-0.0592,0.0896,0,0.0589,-0.9982,-0.006,0,0.0898,-0.0007,0.996,0,-0.184,-0.9256,0.547,1]},{"frame":51,"values":[-0.9942,-0.0592,0.0896,0,0.0589,-0.9982,-0.006,0,0.0898,-0.0007,0.996,0,-0.0041,-0.9427,0.5788,1]},{"frame":52,"values":[-0.9942,-0.0592,0.0896,0,0.0589,-0.9982,-0.006,0,0.0898,-0.0007,0.996,0,0.1704,-0.9593,0.6097,1]},{"frame":53,"values":[-0.9942,-0.0592,0.0896,0,0.0589,-0.9982,-0.006,0,0.0898,-0.0007,0.996,0,0.3343,-0.9748,0.6387,1]},{"frame":54,"values":[-0.9942,-0.0592,0.0896,0,0.0589,-0.9982,-0.006,0,0.0898,-0.0007,0.996,0,0.4832,-0.989,0.665,1]},{"frame":55,"values":[-0.9942,-0.0592,0.0896,0,0.0589,-0.9982,-0.006,0,0.0898,-0.0007,0.996,0,0.6135,-1.0013,0.688,1]},{"frame":56,"values":[-0.9942,-0.0592,0.0896,0,0.0589,-0.9982,-0.006,0,0.0898,-0.0007,0.996,0,0.7224,-1.0117,0.7073,1]},{"frame":57,"values":[-0.9942,-0.0592,0.0896,0,0.0589,-0.9982,-0.006,0,0.0898,-0.0007,0.996,0,0.8081,-1.0198,0.7224,1]},{"frame":58,"values":[-0.9942,-0.0592,0.0896,0,0.0589,-0.9982,-0.006,0,0.0898,-0.0007,0.996,0,0.8695,-1.0256,0.7333,1]},{"frame":59,"values":[-0.9942,-0.0592,0.0896,0,0.0589,-0.9982,-0.006,0,0.0898,-0.0007,0.996,0,0.9062,-1.0291,0.7398,1]},{"frame":60,"values":[-0.9942,-0.0592,0.0896,0,0.0589,-0.9982,-0.006,0,0.0898,-0.0007,0.996,0,0.9184,-1.0303,0.7419,1]},{"frame":61,"values":[-0.9942,-0.0592,0.0896,0,0.0589,-0.9982,-0.006,0,0.0898,-0.0007,0.996,0,0.9133,-1.0305,0.7413,1]},{"frame":62,"values":[-0.9942,-0.0592,0.0896,0,0.0589,-0.9982,-0.006,0,0.0898,-0.0007,0.996,0,0.8987,-1.0313,0.7393,1]},{"frame":63,"values":[-0.9942,-0.0592,0.0896,0,0.0589,-0.9982,-0.006,0,0.0898,-0.0007,0.996,0,0.8756,-1.0325,0.7363,1]},{"frame":64,"values":[-0.9942,-0.0592,0.0896,0,0.0589,-0.9982,-0.006,0,0.0898,-0.0007,0.996,0,0.8446,-1.0339,0.7321,1]},{"frame":65,"values":[-0.9942,-0.0592,0.0896,0,0.0589,-0.9982,-0.006,0,0.0898,-0.0007,0.996,0,0.8067,-1.0355,0.7271,1]},{"frame":66,"values":[-0.9942,-0.0592,0.0896,0,0.0589,-0.9982,-0.006,0,0.0898,-0.0007,0.996,0,0.7624,-1.0372,0.7212,1]},{"frame":67,"values":[-0.9942,-0.0592,0.0896,0,0.0589,-0.9982,-0.006,0,0.0898,-0.0007,0.996,0,0.7125,-1.0389,0.7146,1]},{"frame":68,"values":[-0.9942,-0.0592,0.0896,0,0.0589,-0.9982,-0.006,0,0.0898,-0.0007,0.996,0,0.6576,-1.0403,0.7073,1]},{"frame":69,"values":[-0.9942,-0.0592,0.0896,0,0.0589,-0.9982,-0.006,0,0.0898,-0.0007,0.996,0,0.5984,-1.0415,0.6995,1]},{"frame":70,"values":[-0.9942,-0.0592,0.0896,0,0.0589,-0.9982,-0.006,0,0.0898,-0.0007,0.996,0,0.5355,-1.0423,0.6911,1]},{"frame":71,"values":[-0.9942,-0.0592,0.0896,0,0.0589,-0.9982,-0.006,0,0.0898,-0.0007,0.996,0,0.4696,-1.0425,0.6824,1]},{"frame":72,"values":[-0.9942,-0.0592,0.0896,0,0.0589,-0.9982,-0.006,0,0.0898,-0.0007,0.996,0,0.4016,-1.042,0.6734,1]},{"frame":73,"values":[-0.9942,-0.0592,0.0896,0,0.0589,-0.9982,-0.006,0,0.0898,-0.0007,0.996,0,0.3322,-1.0404,0.6642,1]},{"frame":74,"values":[-0.9942,-0.0592,0.0896,0,0.0589,-0.9982,-0.006,0,0.0898,-0.0007,0.996,0,0.2625,-1.0377,0.655,1]},{"frame":75,"values":[-0.9942,-0.0592,0.0896,0,0.0589,-0.9982,-0.006,0,0.0898,-0.0007,0.996,0,0.1937,-1.0333,0.6459,1]},{"frame":76,"values":[-0.9942,-0.0592,0.0896,0,0.0589,-0.9982,-0.006,0,0.0898,-0.0007,0.996,0,0.1274,-1.0268,0.6371,1]},{"frame":77,"values":[-0.9942,-0.0592,0.0896,0,0.0589,-0.9982,-0.006,0,0.0898,-0.0007,0.996,0,0.0657,-1.0176,0.629,1]},{"frame":78,"values":[-0.9942,-0.0592,0.0896,0,0.0589,-0.9982,-0.006,0,0.0898,-0.0007,0.996,0,0.0119,-1.0046,0.6219,1]},{"frame":79,"values":[-0.9942,-0.0592,0.0896,0,0.0589,-0.9982,-0.006,0,0.0898,-0.0007,0.996,0,-0.029,-0.9864,0.6166,1]},{"frame":80,"values":[-0.9942,-0.0592,0.0896,0,0.0589,-0.9982,-0.006,0,0.0898,-0.0007,0.996,0,-0.0474,-0.9599,0.6143,1]},{"frame":81,"values":[-0.9942,-0.0592,0.0896,0,0.0589,-0.9982,-0.006,0,0.0898,-0.0007,0.996,0,-0.042,-0.8799,0.6136,1]},{"frame":82,"values":[-0.9942,-0.0592,0.0896,0,0.0589,-0.9982,-0.006,0,0.0898,-0.0007,0.996,0,-0.0355,-0.8188,0.6131,1]},{"frame":83,"values":[-0.9942,-0.0592,0.0896,0,0.0589,-0.9982,-0.006,0,0.0898,-0.0007,0.996,0,-0.0366,-0.8314,0.6132,1]},{"frame":84,"values":[-0.9942,-0.0592,0.0896,0,0.0589,-0.9982,-0.006,0,0.0898,-0.0007,0.996,0,-0.0393,-0.8635,0.6134,1]},{"frame":85,"values":[-0.9942,-0.0592,0.0896,0,0.0589,-0.9982,-0.006,0,0.0898,-0.0007,0.996,0,-0.0417,-0.8917,0.6137,1]},{"frame":86,"values":[-0.9942,-0.0592,0.0896,0,0.0589,-0.9982,-0.006,0,0.0898,-0.0007,0.996,0,-0.0431,-0.9084,0.6138,1]},{"frame":87,"values":[-0.9942,-0.0592,0.0896,0,0.0589,-0.9982,-0.006,0,0.0898,-0.0007,0.996,0,-0.0436,-0.9143,0.6139,1]},{"frame":88,"values":[-0.9942,-0.0592,0.0896,0,0.0589,-0.9982,-0.006,0,0.0898,-0.0007,0.996,0,-0.0439,-0.9184,0.6139,1]},{"frame":89,"values":[-0.9942,-0.0592,0.0896,0,0.0589,-0.9982,-0.006,0,0.0898,-0.0007,0.996,0,-0.0442,-0.9218,0.6139,1]},{"frame":90,"values":[-0.9942,-0.0592,0.0896,0,0.0589,-0.9982,-0.006,0,0.0898,-0.0007,0.996,0,-0.0445,-0.9249,0.614,1]},{"frame":91,"values":[-0.9942,-0.0592,0.0896,0,0.0589,-0.9982,-0.006,0,0.0898,-0.0007,0.996,0,-0.0447,-0.9277,0.614,1]},{"frame":92,"values":[-0.9942,-0.0592,0.0896,0,0.0589,-0.9982,-0.006,0,0.0898,-0.0007,0.996,0,-0.0449,-0.9304,0.614,1]},{"frame":93,"values":[-0.9942,-0.0592,0.0896,0,0.0589,-0.9982,-0.006,0,0.0898,-0.0007,0.996,0,-0.0452,-0.9329,0.614,1]},{"frame":94,"values":[-0.9942,-0.0592,0.0896,0,0.0589,-0.9982,-0.006,0,0.0898,-0.0007,0.996,0,-0.0454,-0.9354,0.6141,1]},{"frame":95,"values":[-0.9942,-0.0592,0.0896,0,0.0589,-0.9982,-0.006,0,0.0898,-0.0007,0.996,0,-0.0456,-0.9377,0.6141,1]},{"frame":96,"values":[-0.9942,-0.0592,0.0896,0,0.0589,-0.9982,-0.006,0,0.0898,-0.0007,0.996,0,-0.0457,-0.9399,0.6141,1]},{"frame":97,"values":[-0.9942,-0.0592,0.0896,0,0.0589,-0.9982,-0.006,0,0.0898,-0.0007,0.996,0,-0.0459,-0.942,0.6141,1]},{"frame":98,"values":[-0.9942,-0.0592,0.0896,0,0.0589,-0.9982,-0.006,0,0.0898,-0.0007,0.996,0,-0.0461,-0.944,0.6141,1]},{"frame":99,"values":[-0.9942,-0.0592,0.0896,0,0.0589,-0.9982,-0.006,0,0.0898,-0.0007,0.996,0,-0.0463,-0.9459,0.6141,1]},{"frame":100,"values":[-0.9942,-0.0592,0.0896,0,0.0589,-0.9982,-0.006,0,0.0898,-0.0007,0.996,0,-0.0464,-0.9478,0.6142,1]},{"frame":101,"values":[-0.9942,-0.0592,0.0896,0,0.0589,-0.9982,-0.006,0,0.0898,-0.0007,0.996,0,-0.0466,-0.9496,0.6142,1]},{"frame":102,"values":[-0.9942,-0.0592,0.0896,0,0.0589,-0.9982,-0.006,0,0.0898,-0.0007,0.996,0,-0.0467,-0.9513,0.6142,1]},{"frame":103,"values":[-0.9942,-0.0592,0.0896,0,0.0589,-0.9982,-0.006,0,0.0898,-0.0007,0.996,0,-0.0468,-0.9528,0.6142,1]},{"frame":104,"values":[-0.9942,-0.0592,0.0896,0,0.0589,-0.9982,-0.006,0,0.0898,-0.0007,0.996,0,-0.047,-0.9543,0.6142,1]},{"frame":105,"values":[-0.9942,-0.0592,0.0896,0,0.0589,-0.9982,-0.006,0,0.0898,-0.0007,0.996,0,-0.0471,-0.9557,0.6142,1]},{"frame":106,"values":[-0.9942,-0.0592,0.0896,0,0.0589,-0.9982,-0.006,0,0.0898,-0.0007,0.996,0,-0.0472,-0.957,0.6142,1]},{"frame":107,"values":[-0.9942,-0.0592,0.0896,0,0.0589,-0.9982,-0.006,0,0.0898,-0.0007,0.996,0,-0.0473,-0.9581,0.6143,1]},{"frame":108,"values":[-0.9942,-0.0592,0.0896,0,0.0589,-0.9982,-0.006,0,0.0898,-0.0007,0.996,0,-0.0474,-0.959,0.6143,1]},{"frame":109,"values":[-0.9942,-0.0592,0.0896,0,0.0589,-0.9982,-0.006,0,0.0898,-0.0007,0.996,0,-0.0474,-0.9596,0.6143,1]},{"frame":110,"values":[-0.9942,-0.0592,0.0896,0,0.0589,-0.9982,-0.006,0,0.0898,-0.0007,0.996,0,-0.0474,-0.9599,0.6143,1]},{"frame":114,"values":[-0.8387,-0.5369,0.0917,0,0.5389,-0.8424,-0.0033,0,0.079,0.0466,0.9958,0,-0.0406,-0.9615,0.6143,1]},{"frame":115,"values":[0.3106,-0.9453,0.0998,0,0.9501,0.3118,-0.0035,0,-0.0278,0.096,0.995,0,-0.0258,-0.9651,0.6143,1]},{"frame":116,"values":[0.7327,-0.6729,0.1018,0,0.6769,0.7361,-0.0062,0,-0.0708,0.0735,0.9948,0,-0.0189,-0.9667,0.6143,1]},{"frame":120,"values":[0.7327,-0.6729,0.1018,0,0.6769,0.7361,-0.0062,0,-0.0708,0.0735,0.9948,0,-0.0189,-0.9667,0.6143,1]}],"loopBehavior":1,"name":"anim","property":"_matrix"}},
